%YAML:1.0
---
K: !!opencv-matrix
   rows: 3
   cols: 3
   dt: d
   data: [ 8.3637136211720667e+02, 0., 3.5439646198247300e+02, 0.,
       8.3625905768551388e+02, 3.5354952153589682e+02, 0., 0., 1. ]
D: !!opencv-matrix
   rows: 1
   cols: 5
   dt: d
   data: [ 9.7001088669101173e-03, -3.8287430180708704e-01,
       2.0265043477043831e-02, -1.8330992326938658e-02,
       7.2321482900278289e-01 ]
